Landmark,x,y,z,ID
ASIS_mid,0.05805205750932452,-1.2625643606630161,-0.05673109071373972
LASIS,-3.772537837676282e-13,-2.0050627824730327e-13,-96.61486365400995,5158
LHJC,-32.73706946770088,-70.14931874149127,-71.66285070524503
LPSIS,-116.26851005207907,-3.135269821541442e-13,-41.31203138171435,7844
PSIS_mid,-116.49858737843445,-1.4299357602840428,0.33100110672582517
RASIS,0.11610411501902629,-2.525128721325832,96.50140147258247,1741
RHJC,-32.29254142570122,-73.22078673697987,71.03947590659605
RPSIS,-116.72866470478982,-2.859871520567772,41.974033595166,353
FHC_left,-32.73706933717516,-70.14931870603526,-71.66285065647176
epicon_mid_left,-34.94374819395617,-425.05531392471744,-76.30216550493269
great_trochant_left,-49.44630887962368,-74.58041975917752,-111.08164294137295,5064
lat_bot_con_left,-33.62580624431438,-444.3923677947121,-98.17539554688584,2887
lat_con_post_left,-54.55209843973996,-427.0346628655545,-97.77773197771683,3176
lat_epicon_left,-34.961828712070684,-424.1214332616271,-111.29454722320476,3655
lat_great_trochant_left,-43.373502175998745,-100.0022612632298,-121.7299824465602,2354
med_bot_con_left,-34.93625314823572,-448.5147569467241,-55.40010016757147,571
med_con_post_left,-55.54099225185608,-430.22396129130703,-55.39240593614894,185
med_epicon_left,-34.925667675841645,-425.9891945878078,-41.30978378666061,545
neck_centre_left,-36.24781812306385,-85.92310183147015,-85.72448880991803
shaft_centre_left,-31.772053191412137,-175.6974480489327,-94.33361193846766
PLC_left,-52.56098626238425,-460.2066305813772,-91.11639899066745,4166
PMC_left,-55.50019739180636,-464.44311983214567,-68.81623016050652,3909
con_mid_left,-35.13555537725621,-461.884579071998,-78.68512537691397
int_mal_left,-37.172323014612665,-781.0735271508319,-102.90888521264188
lateral_condyle_left,-32.623473416666556,-461.07631090073585,-110.27950833711562,3397
lateral_malleolus_left,-47.331079822089215,-785.7910008588465,-123.9827738923559,420
medial_condyle_left,-37.64763733784587,-462.69284724326013,-47.09074241671234,3851
medial_malleolus_left,-27.01356620713612,-776.3560534428173,-81.83499653292785,2079
FHC_right,-32.292541067969594,-73.22078663165867,71.03947577342511
epicon_mid_right,-34.49487750742375,-427.42832917887506,66.40929177446122
great_trochant_right,-49.624169694500026,-78.08946087584144,107.49451987756092,5065
lat_bot_con_right,-32.07794548182898,-447.4840967811966,89.64729076262027,2899
lat_con_post_right,-53.99658066423587,-430.0750874733846,87.96056370790491,3176
lat_epicon_right,-34.47129815279728,-427.45919213808276,101.24393873049397,3655
lat_great_trochant_right,-44.06191618054242,-102.37742938970837,120.08307040469955,942
med_bot_con_right,-32.66373592858761,-450.4319022083606,47.016920929050976,594
med_con_post_right,-54.97219829708412,-432.1142505958399,45.71619035971284,185
med_epicon_right,-34.51845686205022,-427.3974662196673,31.574644818428478,545
neck_centre_right,-35.69680831500354,-89.5208342377673,84.70327709295466
shaft_centre_right,-31.09580310978265,-179.1650305782242,90.94780382360821
PLC_right,-53.60671893976639,-462.7063866795889,80.57515554353586,4167
PMC_right,-53.50643667816048,-467.685202362501,57.35958496267623,3331
con_mid_right,-34.53965836114887,-465.6994028408839,67.72554220394657
int_mal_right,-37.66447742870589,-783.6788605227999,80.84786793002742
lateral_condyle_right,-34.3215631639247,-464.98038927065693,99.51879998231489,3395
lateral_malleolus_right,-52.43825114509722,-788.9557849493106,98.51586669177185,426
medial_condyle_right,-34.75775355837303,-466.4184164111109,35.93228442557826,4202
medial_malleolus_right,-22.890703712314554,-778.4019360962893,63.17986916828299,2078
